10000000000000000000000000000011
11110111110111111011110101111011
10000000000000000000000000000011
00000000011111101010100000000000
01110000000000000000000000000010
10000000000000000000000000000011
01111100000000000000000000000010
01110000000000000000000000000010
11100000011111111111111111111000
10101010101010101010101010101010
11100000011111111111111111111000
10000000000000000000000000000011
01110000000000000000000000000010
11110000000000100000000000001000
11110000000000100000000000001000
00000000011111101010100000000000
11100000011111111111111111111000
11100000011111111111111111111000
10111000001111111111111111111101
10000000000000000000000000000011
10111000001111111111111111111101
11010101010101010101010101010111
01110000000000000000000000000010
10000000000000000000000000000011
10000000000000000000000000000011
10111000001111111111111111111101
11101111111100001111111111110111
00010000011111111010100000000000
01110000000000000000000000000010
11101111111100001111111111110111
00111111100000000111111111111111
10111110001111111111111111111101
00111111000000000111111111111101
00111111100000000111111111111111
01101101101101101101101101101101
11100000011111111111111111111000
10000000000000000000000000000011
11101110111011101110111011101111
01110000000000000000000000000010
10000000000000000000000000000011
11100000011111111111111111111000
11110000000000100000000000001000
01110000000000000000000000000010
10000000000000000000000000000011
11110000000000100000000000001000
11101111111100001111111111110111
