Code:
10000000000000000000000000000011 --> 00 000
11110111110111111011110101111011 --> 11 11110111110111111011110101111011
10000000000000000000000000000011 --> 00 000
00000000011111101010100000000000 --> 00 110
01110000000000000000000000000010 --> 00 001
10000000000000000000000000000011 --> 00 000
01111100000000000000000000000010 --> 01 00100 001
01110000000000000000000000000010 --> 00 001
11100000011111111111111111111000 --> 00 010
10101010101010101010101010101010 --> 11 10101010101010101010101010101010
11100000011111111111111111111000 --> 00 010
10000000000000000000000000000011 --> 00 000
01110000000000000000000000000010 --> 00 001
11110000000000100000000000001000 --> 00 011
11110000000000100000000000001000 --> 00 011
00000000011111101010100000000000 --> 00 110
11100000011111111111111111111000 --> 00 010
11100000011111111111111111111000 --> 00 010
10111000001111111111111111111101 --> 00 100
10000000000000000000000000000011 --> 00 000
10111000001111111111111111111101 --> 00 100
11010101010101010101010101010111 --> 11 11010101010101010101010101010111
01110000000000000000000000000010 --> 00 001
10000000000000000000000000000011 --> 00 000
10000000000000000000000000000011 --> 00 000
10111000001111111111111111111101 --> 00 100
11101111111100001111111111110111 --> 00 101
00010000011111111010100000000000 --> 10 00011 01111 110
01110000000000000000000000000010 --> 00 001
11101111111100001111111111110111 --> 00 101
00111111100000000111111111111111 --> 00 111
10111110001111111111111111111101 --> 01 00101 100
00111111000000000111111111111101 --> 10 01000 11110 111
00111111100000000111111111111111 --> 00 111
01101101101101101101101101101101 --> 11 01101101101101101101101101101101
11100000011111111111111111111000 --> 00 010
10000000000000000000000000000011 --> 00 000
11101110111011101110111011101111 --> 11 11101110111011101110111011101111
01110000000000000000000000000010 --> 00 001
10000000000000000000000000000011 --> 00 000
11100000011111111111111111111000 --> 00 010
11110000000000100000000000001000 --> 00 011
01110000000000000000000000000010 --> 00 001
10000000000000000000000000000011 --> 00 000
11110000000000100000000000001000 --> 00 011
11101111111100001111111111110111 --> 00 101

Dictionary:
10000000000000000000000000000011 --> 000	      
01110000000000000000000000000010 --> 001	
11100000011111111111111111111000 --> 010	
11110000000000100000000000001000 --> 011
10111000001111111111111111111101 --> 100
11101111111100001111111111110111 --> 101
00000000011111101010100000000000 --> 110
00111111100000000111111111111111 --> 111