00000111111011111011111101111010
11110110000000110000010000001001
00001000010001011101010101010101
01010101010101010000100000000001
00011000110011000010000100010000
00000100111101010101010101010101
01010101110000100000000000010000
10110000110111111000001001010011
10100101100100100011110111001111
10110110110110110110110110110110
10001000000111110111011101110111
01110111011110000100000000100001
10000100000000110010111111111111
xxxx
10000000000000000000000000000011
01110000000000000000000000000010
11100000011111111111111111111000
11110000000000100000000000001000
10111000001111111111111111111101
11101111111100001111111111110111
00000000011111101010100000000000
00111111100000000111111111111111
